image_width: 320
image_height: 240
camera_name: usb_night_cam_320_240
camera_matrix:
  rows: 3
  cols: 3
  data: [282.0569604236476, 0, 160, 0, 282.0569604236476, 120, 0, 0, 1]
distortion_model: rational_polynomial
distortion_coefficients:
  rows: 1
  cols: 8
  data: [0, 0, 0, 0, 0, 0, 0, 0]
rectification_matrix:
  rows: 3
  cols: 3
  data: [1, 0, 0, 0, 1, 0, 0, 0, 1]
projection_matrix:
  rows: 3
  cols: 4
  data: [282.0569763183594, 0, 160.0000010326676, 0, 0, 282.0569763183594, 120.0000049774771, 0, 0, 0, 1, 0]